<?xml version="1.0" encoding="UTF-8"?>
<kml xmlns="http://www.opengis.net/kml/2.2">
<Document>
<name>mix.kml</name>
<open>1</open>
<Placemark>
<description>東日本旅客鉄道</description>
<name>山手線</name>
<ExtendedData>
<Data name="data_type">
<value>rail</value>
</Data>
<Data name="company_name">
<value>東日本旅客鉄道</value>
</Data>
<Data name="line_name">
<value>山手線</value>
</Data>
<Data name="station_name">
<value></value>
</Data>
<Data name="railway_type">
<value>11</value>
</Data>
<Data name="service_provider_type">
<value>2</value>
</Data>
</ExtendedData>
<LineString>
<coordinates>
139.71054000,35.64593000,0.0
139.71079000,35.64546000,0.0
139.71110000,35.64490000,0.0
139.71145000,35.64426000,0.0
139.71180000,35.64361000,0.0
139.71202000,35.64323000,0.0
139.71220000,35.64297000,0.0
139.71261000,35.64224000,0.0
139.71334000,35.64093000,0.0
139.71343000,35.64049000,0.0
139.71354000,35.64012000,0.0
139.71390000,35.63935000,0.0
139.71404000,35.63908000,0.0
139.71408000,35.63901000,0.0
139.71427000,35.63878000,0.0
139.71438000,35.63865000,0.0
139.71447000,35.63855000,0.0
139.71453000,35.63849000,0.0
139.71465000,35.63833000,0.0
139.71472000,35.63822000,0.0
139.71497000,35.63750000,0.0
139.71503000,35.63721000,0.0
139.71499000,35.63644000,0.0
139.71502000,35.63627000,0.0
139.71505000,35.63610000,0.0
139.71529000,35.63513000,0.0
139.71540000,35.63467000,0.0
139.71544000,35.63452000,0.0
</coordinates>
</LineString>
</Placemark>
<Placemark>
<description>東日本旅客鉄道</description>
<name>山手線</name>
<ExtendedData>
<Data name="data_type">
<value>rail</value>
</Data>
<Data name="company_name">
<value>東日本旅客鉄道</value>
</Data>
<Data name="line_name">
<value>山手線</value>
</Data>
<Data name="station_name">
<value></value>
</Data>
<Data name="railway_type">
<value>11</value>
</Data>
<Data name="service_provider_type">
<value>2</value>
</Data>
</ExtendedData>
<LineString>
<coordinates>
139.72888000,35.61912000,0.0
139.72950000,35.61830000,0.0
139.72964000,35.61816000,0.0
139.73002000,35.61777000,0.0
139.73023000,35.61760000,0.0
139.73040000,35.61748000,0.0
139.73068000,35.61732000,0.0
139.73081000,35.61725000,0.0
139.73099000,35.61717000,0.0
139.73119000,35.61709000,0.0
139.73149000,35.61700000,0.0
139.73227000,35.61682000,0.0
139.73280000,35.61677000,0.0
139.73342000,35.61684000,0.0
139.73399000,35.61691000,0.0
139.73444000,35.61704000,0.0
139.73454000,35.61708000,0.0
139.73508000,35.61729000,0.0
139.73527000,35.61741000,0.0
139.73560000,35.61761000,0.0
139.73634000,35.61828000,0.0
139.73668000,35.61869000,0.0
139.73695000,35.61901000,0.0
139.73753000,35.62031000,0.0
139.73762000,35.62049000,0.0
139.73764000,35.62060000,0.0
139.73812000,35.62260000,0.0
139.73824000,35.62318000,0.0
139.73829000,35.62340000,0.0
139.73855000,35.62452000,0.0
139.73855000,35.62455000,0.0
139.73866000,35.62501000,0.0
139.73881000,35.62549000,0.0
139.73883000,35.62608000,0.0
139.73876000,35.62638000,0.0
139.73870000,35.62669000,0.0
139.73863000,35.62700000,0.0
139.73844000,35.62927000,0.0
</coordinates>
</LineString>
</Placemark>
<Placemark>
<description>東日本旅客鉄道</description>
<name>山手線</name>
<ExtendedData>
<Data name="data_type">
<value>rail</value>
</Data>
<Data name="company_name">
<value>東日本旅客鉄道</value>
</Data>
<Data name="line_name">
<value>山手線</value>
</Data>
<Data name="station_name">
<value></value>
</Data>
<Data name="railway_type">
<value>11</value>
</Data>
<Data name="service_provider_type">
<value>2</value>
</Data>
</ExtendedData>
<LineString>
<coordinates>
139.71334000,35.64093000,0.0
139.71404000,35.63967000,0.0
139.71413000,35.63949000,0.0
139.71424000,35.63924000,0.0
139.71438000,35.63865000,0.0
139.71442000,35.63847000,0.0
139.71444000,35.63841000,0.0
139.71448000,35.63828000,0.0
139.71455000,35.63804000,0.0
139.71479000,35.63702000,0.0
139.71491000,35.63667000,0.0
139.71499000,35.63644000,0.0
</coordinates>
</LineString>
</Placemark>
<Placemark>
<description>東日本旅客鉄道</description>
<name>山手線</name>
<ExtendedData>
<Data name="data_type">
<value>rail</value>
</Data>
<Data name="company_name">
<value>東日本旅客鉄道</value>
</Data>
<Data name="line_name">
<value>山手線</value>
</Data>
<Data name="station_name">
<value></value>
</Data>
<Data name="railway_type">
<value>11</value>
</Data>
<Data name="service_provider_type">
<value>2</value>
</Data>
</ExtendedData>
<LineString>
<coordinates>
139.71054000,35.64593000,0.0
139.70971000,35.64743000,0.0
139.70956000,35.64770000,0.0
139.70937000,35.64804000,0.0
139.70870000,35.64923000,0.0
139.70856000,35.64947000,0.0
139.70791000,35.65065000,0.0
139.70776000,35.65092000,0.0
139.70773000,35.65097000,0.0
139.70742000,35.65134000,0.0
139.70691000,35.65193000,0.0
139.70658000,35.65224000,0.0
139.70643000,35.65241000,0.0
139.70597000,35.65298000,0.0
139.70555000,35.65346000,0.0
139.70548000,35.65355000,0.0
139.70543000,35.65360000,0.0
139.70538000,35.65366000,0.0
139.70427000,35.65490000,0.0
139.70334000,35.65595000,0.0
139.70221000,35.65723000,0.0
139.70201000,35.65746000,0.0
139.70174000,35.65785000,0.0
139.70137000,35.65880000,0.0
139.70129000,35.65907000,0.0
139.70124000,35.65930000,0.0
139.70122000,35.65937000,0.0
139.70118000,35.65956000,0.0
139.70117000,35.65965000,0.0
139.70118000,35.65978000,0.0
139.70123000,35.66023000,0.0
139.70143000,35.66181000,0.0
139.70147000,35.66213000,0.0
139.70160000,35.66319000,0.0
139.70164000,35.66349000,0.0
139.70201000,35.66650000,0.0
139.70205000,35.66678000,0.0
139.70232000,35.66891000,0.0
139.70235000,35.66914000,0.0
139.70237000,35.66934000,0.0
139.70239000,35.66954000,0.0
139.70239000,35.66961000,0.0
139.70240000,35.66976000,0.0
139.70243000,35.66990000,0.0
139.70251000,35.67042000,0.0
139.70264000,35.67110000,0.0
139.70275000,35.67156000,0.0
139.70295000,35.67220000,0.0
139.70345000,35.67338000,0.0
139.70399000,35.67489000,0.0
139.70412000,35.67552000,0.0
139.70412000,35.67583000,0.0
139.70413000,35.67667000,0.0
139.70398000,35.67771000,0.0
139.70384000,35.67842000,0.0
</coordinates>
</LineString>
</Placemark>
<Placemark>
<description>東日本旅客鉄道</description>
<name>山手線</name>
<ExtendedData>
<Data name="data_type">
<value>rail</value>
</Data>
<Data name="company_name">
<value>東日本旅客鉄道</value>
</Data>
<Data name="line_name">
<value>山手線</value>
</Data>
<Data name="station_name">
<value></value>
</Data>
<Data name="railway_type">
<value>11</value>
</Data>
<Data name="service_provider_type">
<value>2</value>
</Data>
</ExtendedData>
<LineString>
<coordinates>
139.72888000,35.61912000,0.0
139.72761000,35.62077000,0.0
139.72628000,35.62262000,0.0
139.72519000,35.62415000,0.0
139.72496000,35.62446000,0.0
139.72436000,35.62526000,0.0
139.72422000,35.62543000,0.0
139.72407000,35.62562000,0.0
139.72321000,35.62672000,0.0
139.72262000,35.62727000,0.0
139.72231000,35.62749000,0.0
139.72186000,35.62780000,0.0
139.72140000,35.62806000,0.0
139.72015000,35.62862000,0.0
139.71957000,35.62888000,0.0
139.71829000,35.62944000,0.0
139.71773000,35.62975000,0.0
139.71713000,35.63027000,0.0
139.71667000,35.63084000,0.0
139.71636000,35.63136000,0.0
139.71585000,35.63284000,0.0
139.71574000,35.63327000,0.0
139.71562000,35.63369000,0.0
139.71557000,35.63395000,0.0
139.71551000,35.63421000,0.0
139.71544000,35.63452000,0.0
</coordinates>
</LineString>
</Placemark>
<Placemark>
<description>東日本旅客鉄道</description>
<name>山手線</name>
<ExtendedData>
<Data name="data_type">
<value>rail</value>
</Data>
<Data name="company_name">
<value>東日本旅客鉄道</value>
</Data>
<Data name="line_name">
<value>山手線</value>
</Data>
<Data name="station_name">
<value></value>
</Data>
<Data name="railway_type">
<value>11</value>
</Data>
<Data name="service_provider_type">
<value>2</value>
</Data>
</ExtendedData>
<LineString>
<coordinates>
139.70068000,35.69107000,0.0
139.70116000,35.68942000,0.0
139.70125000,35.68909000,0.0
139.70127000,35.68902000,0.0
139.70176000,35.68735000,0.0
139.70222000,35.68555000,0.0
139.70272000,35.68355000,0.0
139.70302000,35.68239000,0.0
139.70325000,35.68148000,0.0
139.70348000,35.68058000,0.0
139.70353000,35.68039000,0.0
139.70377000,35.67936000,0.0
139.70384000,35.67842000,0.0
</coordinates>
</LineString>
</Placemark>
<Placemark>
<description>東日本旅客鉄道</description>
<name>山手線</name>
<ExtendedData>
<Data name="data_type">
<value>rail</value>
</Data>
<Data name="company_name">
<value>東日本旅客鉄道</value>
</Data>
<Data name="line_name">
<value>山手線</value>
</Data>
<Data name="station_name">
<value></value>
</Data>
<Data name="railway_type">
<value>11</value>
</Data>
<Data name="service_provider_type">
<value>2</value>
</Data>
</ExtendedData>
<LineString>
<coordinates>
139.70125000,35.68790000,0.0
139.70091000,35.68894000,0.0
139.70089000,35.68902000,0.0
139.70078000,35.68935000,0.0
139.70060000,35.68995000,0.0
139.70004000,35.69167000,0.0
</coordinates>
</LineString>
</Placemark>
<Placemark>
<description>東日本旅客鉄道</description>
<name>山手線</name>
<ExtendedData>
<Data name="data_type">
<value>rail</value>
</Data>
<Data name="company_name">
<value>東日本旅客鉄道</value>
</Data>
<Data name="line_name">
<value>山手線</value>
</Data>
<Data name="station_name">
<value></value>
</Data>
<Data name="railway_type">
<value>11</value>
</Data>
<Data name="service_provider_type">
<value>2</value>
</Data>
</ExtendedData>
<LineString>
<coordinates>
139.70125000,35.68790000,0.0
139.70148000,35.68712000,0.0
139.70171000,35.68665000,0.0
139.70222000,35.68555000,0.0
</coordinates>
</LineString>
</Placemark>
<Placemark>
<description>東日本旅客鉄道</description>
<name>山手線</name>
<ExtendedData>
<Data name="data_type">
<value>rail</value>
</Data>
<Data name="company_name">
<value>東日本旅客鉄道</value>
</Data>
<Data name="line_name">
<value>山手線</value>
</Data>
<Data name="station_name">
<value></value>
</Data>
<Data name="railway_type">
<value>11</value>
</Data>
<Data name="service_provider_type">
<value>2</value>
</Data>
</ExtendedData>
<LineString>
<coordinates>
139.74144000,35.73419000,0.0
139.73926000,35.73325000,0.0
139.73863000,35.73298000,0.0
139.73686000,35.73220000,0.0
139.73539000,35.73157000,0.0
139.73449000,35.73120000,0.0
139.73372000,35.73100000,0.0
139.73296000,35.73088000,0.0
139.73229000,35.73087000,0.0
139.73173000,35.73090000,0.0
139.73113000,35.73100000,0.0
139.73040000,35.73117000,0.0
139.72996000,35.73128000,0.0
139.72971000,35.73135000,0.0
139.72906000,35.73151000,0.0
139.72893000,35.73154000,0.0
139.72695000,35.73203000,0.0
139.72422000,35.73276000,0.0
139.72087000,35.73365000,0.0
139.71958000,35.73399000,0.0
139.71811000,35.73433000,0.0
139.71732000,35.73450000,0.0
139.71692000,35.73453000,0.0
139.71626000,35.73455000,0.0
139.71570000,35.73450000,0.0
139.71515000,35.73439000,0.0
139.71460000,35.73423000,0.0
139.71398000,35.73401000,0.0
139.71363000,35.73381000,0.0
139.71330000,35.73362000,0.0
139.71308000,35.73349000,0.0
139.71258000,35.73304000,0.0
139.71236000,35.73273000,0.0
139.71167000,35.73152000,0.0
139.71050000,35.72903000,0.0
139.70915000,35.72618000,0.0
139.70802000,35.72406000,0.0
139.70680000,35.72181000,0.0
139.70660000,35.72145000,0.0
139.70596000,35.71933000,0.0
139.70582000,35.71889000,0.0
139.70578000,35.71875000,0.0
139.70495000,35.71621000,0.0
139.70492000,35.71610000,0.0
139.70485000,35.71590000,0.0
139.70473000,35.71557000,0.0
139.70466000,35.71535000,0.0
139.70461000,35.71521000,0.0
139.70448000,35.71482000,0.0
139.70438000,35.71454000,0.0
139.70423000,35.71410000,0.0
139.70418000,35.71395000,0.0
139.70403000,35.71349000,0.0
139.70342000,35.71171000,0.0
139.70298000,35.71048000,0.0
139.70270000,35.70967000,0.0
139.70258000,35.70933000,0.0
139.70099000,35.70486000,0.0
139.70065000,35.70389000,0.0
139.70054000,35.70322000,0.0
139.70038000,35.70221000,0.0
139.70032000,35.70175000,0.0
139.70019000,35.70011000,0.0
139.70006000,35.69890000,0.0
139.69999000,35.69828000,0.0
139.69986000,35.69775000,0.0
139.69952000,35.69644000,0.0
139.69943000,35.69595000,0.0
139.69942000,35.69572000,0.0
139.69940000,35.69531000,0.0
139.69947000,35.69480000,0.0
139.69967000,35.69392000,0.0
139.69994000,35.69286000,0.0
139.69999000,35.69264000,0.0
139.70002000,35.69228000,0.0
139.70003000,35.69201000,0.0
139.70004000,35.69167000,0.0
139.70024000,35.68926000,0.0
139.70034000,35.68890000,0.0
139.70036000,35.68882000,0.0
139.70062000,35.68792000,0.0
139.70088000,35.68719000,0.0
139.70127000,35.68625000,0.0
139.70176000,35.68510000,0.0
139.70203000,35.68450000,0.0
139.70239000,35.68309000,0.0
139.70255000,35.68262000,0.0
139.70278000,35.68201000,0.0
139.70313000,35.68105000,0.0
139.70321000,35.68074000,0.0
139.70331000,35.68039000,0.0
139.70384000,35.67842000,0.0
</coordinates>
</LineString>
</Placemark>
<Placemark>
<description>東日本旅客鉄道</description>
<name>山手線</name>
<ExtendedData>
<Data name="data_type">
<value>rail</value>
</Data>
<Data name="company_name">
<value>東日本旅客鉄道</value>
</Data>
<Data name="line_name">
<value>山手線</value>
</Data>
<Data name="station_name">
<value></value>
</Data>
<Data name="railway_type">
<value>11</value>
</Data>
<Data name="service_provider_type">
<value>2</value>
</Data>
</ExtendedData>
<LineString>
<coordinates>
139.74144000,35.73419000,0.0
139.74435000,35.73534000,0.0
139.74531000,35.73572000,0.0
139.74648000,35.73618000,0.0
139.74677000,35.73622000,0.0
139.74697000,35.73634000,0.0
139.74909000,35.73736000,0.0
139.74914000,35.73738000,0.0
139.74937000,35.73749000,0.0
139.75007000,35.73785000,0.0
139.75035000,35.73799000,0.0
139.75228000,35.73896000,0.0
139.75459000,35.74010000,0.0
139.75475000,35.74017000,0.0
139.75491000,35.74024000,0.0
139.75516000,35.74033000,0.0
139.75559000,35.74046000,0.0
139.75580000,35.74050000,0.0
139.75598000,35.74052000,0.0
139.75622000,35.74053000,0.0
139.75683000,35.74048000,0.0
139.75850000,35.74006000,0.0
139.75900000,35.73967000,0.0
139.75992000,35.73890000,0.0
139.76009000,35.73875000,0.0
139.76023000,35.73863000,0.0
139.76067000,35.73826000,0.0
139.76248000,35.73669000,0.0
</coordinates>
</LineString>
</Placemark>
<Placemark>
<description>東日本旅客鉄道</description>
<name>山手線</name>
<ExtendedData>
<Data name="data_type">
<value>rail</value>
</Data>
<Data name="company_name">
<value>東日本旅客鉄道</value>
</Data>
<Data name="line_name">
<value>山手線</value>
</Data>
<Data name="station_name">
<value></value>
</Data>
<Data name="railway_type">
<value>12</value>
</Data>
<Data name="service_provider_type">
<value>3</value>
</Data>
</ExtendedData>
<LineString>
<coordinates>
135.19571000,34.70498000,0.0
135.19561000,34.70439000,0.0
135.19558000,34.70417000,0.0
135.19553000,34.70388000,0.0
135.19541000,34.70342000,0.0
135.19533000,34.70317000,0.0
135.19506000,34.70247000,0.0
135.19465000,34.70140000,0.0
135.19425000,34.70033000,0.0
135.19410000,34.69986000,0.0
135.19404000,34.69954000,0.0
135.19398000,34.69912000,0.0
135.19384000,34.69690000,0.0
135.19382000,34.69500000,0.0
135.19381000,34.69476000,0.0
135.19376000,34.69462000,0.0
135.19363000,34.69449000,0.0
135.19336000,34.69433000,0.0
135.19294000,34.69415000,0.0
135.19273000,34.69404000,0.0
135.19210000,34.69373000,0.0
135.19149000,34.69341000,0.0
135.19118000,34.69328000,0.0
135.19093000,34.69320000,0.0
135.18887000,34.69281000,0.0
135.18730000,34.69251000,0.0
135.18701000,34.69244000,0.0
135.18682000,34.69237000,0.0
135.18601000,34.69199000,0.0
135.18433000,34.69118000,0.0
135.18424000,34.69113000,0.0
135.18400000,34.69101000,0.0
135.18385000,34.69091000,0.0
135.18364000,34.69074000,0.0
135.18351000,34.69061000,0.0
135.18340000,34.69052000,0.0
135.18326000,34.69043000,0.0
135.18322000,34.69041000,0.0
135.18284000,34.69026000,0.0
135.18128000,34.68963000,0.0
135.18015000,34.68916000,0.0
135.17886000,34.68875000,0.0
135.17817000,34.68850000,0.0
135.17799000,34.68843000,0.0
135.17778000,34.68830000,0.0
135.17760000,34.68817000,0.0
135.17741000,34.68797000,0.0
135.17714000,34.68766000,0.0
135.17616000,34.68647000,0.0
135.17488000,34.68495000,0.0
135.17447000,34.68445000,0.0
135.17422000,34.68415000,0.0
135.17384000,34.68374000,0.0
135.17330000,34.68322000,0.0
135.17292000,34.68296000,0.0
135.17220000,34.68255000,0.0
135.17151000,34.68215000,0.0
135.16860000,34.68049000,0.0
135.16805000,34.68015000,0.0
135.16785000,34.67999000,0.0
135.16764000,34.67978000,0.0
135.16708000,34.67917000,0.0
135.16692000,34.67901000,0.0
135.16633000,34.67861000,0.0
135.16549000,34.67805000,0.0
135.16131000,34.67522000,0.0
135.15906000,34.67370000,0.0
135.15849000,34.67331000,0.0
135.15763000,34.67273000,0.0
135.15629000,34.67183000,0.0
135.15348000,34.66992000,0.0
135.15161000,34.66859000,0.0
135.15099000,34.66820000,0.0
135.15073000,34.66800000,0.0
135.15047000,34.66780000,0.0
135.15033000,34.66766000,0.0
135.15022000,34.66750000,0.0
135.15010000,34.66726000,0.0
135.15002000,34.66706000,0.0
135.14995000,34.66682000,0.0
135.14994000,34.66666000,0.0
135.14995000,34.66646000,0.0
135.15000000,34.66624000,0.0
135.15009000,34.66602000,0.0
135.15018000,34.66585000,0.0
135.15029000,34.66571000,0.0
135.15086000,34.66507000,0.0
135.15116000,34.66473000,0.0
135.15133000,34.66452000,0.0
135.15142000,34.66439000,0.0
135.15150000,34.66425000,0.0
135.15153000,34.66408000,0.0
135.15156000,34.66348000,0.0
135.15157000,34.66295000,0.0
135.15157000,34.66245000,0.0
135.15156000,34.66226000,0.0
135.15153000,34.66211000,0.0
135.15147000,34.66193000,0.0
135.15138000,34.66173000,0.0
135.15129000,34.66158000,0.0
135.15117000,34.66143000,0.0
135.15089000,34.66117000,0.0
135.15056000,34.66090000,0.0
135.15012000,34.66060000,0.0
135.14986000,34.66044000,0.0
135.14838000,34.65970000,0.0
135.14601000,34.65849000,0.0
135.14530000,34.65814000,0.0
</coordinates>
</LineString>
</Placemark>
</Document>
</kml>
